silhouette: 0.17370471358299255
davies_bouldin: 1.686029099149335
calinski_harabasz: 1266.7819140509189
cohesion: -0.09861300885677338
separation: 0.19385928064584732
separation_to_cohesion: 1.965859098036555
size_balance: 0.5257195199411594
cluster_count: 10
avg_cluster_size: 718.1
cluster_size_std: 340.58081273025346
cluster_sizes: [478, 1105, 459, 933, 546, 639, 361, 1514, 586, 560]
