silhouette: 0.22372940182685852
davies_bouldin: 1.5614967599523129
calinski_harabasz: 2518.6400846057863
cohesion: -1.0631041526794434
separation: 3.180626299959668
separation_to_cohesion: 2.9918294382946677
size_balance: 0.22103516106687104
cluster_count: 13
avg_cluster_size: 552.3846153846154
cluster_size_std: 430.2881929522153
cluster_sizes: [1138, 517, 1382, 1022, 63, 140, 1012, 282, 631, 169, 50, 381, 394]
