silhouette: 0.06815721839666367
davies_bouldin: 2.123372452309088
calinski_harabasz: 975.1541754848438
cohesion: -0.08870650082826614
separation: 0.7418816943140425
separation_to_cohesion: 8.363329489800407
size_balance: 0.15164570766507013
cluster_count: 13
avg_cluster_size: 552.3846153846154
cluster_size_std: 468.6178594813178
cluster_sizes: [542, 1736, 207, 424, 1, 324, 540, 730, 230, 1, 359, 1078, 1009]
