silhouette: 0.10873053222894669
davies_bouldin: 1.774330448401373
calinski_harabasz: 1648.0380156713802
cohesion: -0.19333823025226593
separation: 0.8283058295444566
separation_to_cohesion: 4.2842319827986985
size_balance: 0.09938249491386064
cluster_count: 14
avg_cluster_size: 512.9285714285714
cluster_size_std: 461.95245028739765
cluster_sizes: [1013, 739, 2, 2, 328, 274, 115, 124, 745, 1195, 563, 5, 1503, 573]
