silhouette: 0.17832791805267334
davies_bouldin: 1.8817237099063406
calinski_harabasz: 1112.9617460699571
cohesion: -0.12511233985424042
separation: 0.2563290962908003
separation_to_cohesion: 2.0487914828339977
size_balance: 0.5262573987204052
cluster_count: 15
avg_cluster_size: 478.73333333333335
cluster_size_std: 226.7963746525847
cluster_sizes: [743, 447, 523, 43, 861, 270, 860, 355, 749, 492, 270, 471, 370, 323, 404]
