silhouette: 0.26607581973075867
davies_bouldin: 1.5324810182418156
calinski_harabasz: 2355.163114003507
cohesion: -1.327937364578247
separation: 3.8560842397477892
separation_to_cohesion: 2.9038148504635846
size_balance: 0.26189428226052824
cluster_count: 15
avg_cluster_size: 478.73333333333335
cluster_size_std: 353.3558106058098
cluster_sizes: [1094, 363, 662, 102, 808, 319, 313, 344, 38, 1146, 442, 143, 964, 174, 269]
