silhouette: 0.30897098779678345
davies_bouldin: 1.1741966823999255
calinski_harabasz: 4706.765800489285
cohesion: -1.151278018951416
separation: 2.6118293380737305
separation_to_cohesion: 2.2686347650870506
size_balance: 0.5728184220236366
cluster_count: 5
avg_cluster_size: 1436.2
cluster_size_std: 613.518182289653
cluster_sizes: [2215, 1640, 1385, 339, 1602]
