silhouette: 0.207514688372612
davies_bouldin: 1.3922050346359487
calinski_harabasz: 2004.2558454821717
cohesion: -0.14432425796985626
separation: 0.3759631350332377
separation_to_cohesion: 2.6049892119435794
size_balance: 0.0
cluster_count: 7
avg_cluster_size: 1025.857142857143
cluster_size_std: 1267.5088535696902
cluster_sizes: [502, 1094, 484, 549, 4047, 5, 500]
