silhouette: 0.09532102197408676
davies_bouldin: 2.2579497623034843
calinski_harabasz: 991.2117007628932
cohesion: -0.09721037745475769
separation: 0.16777835658285767
separation_to_cohesion: 1.7259305125210809
size_balance: 0.3796336545026371
cluster_count: 8
avg_cluster_size: 897.625
cluster_size_std: 556.8563408770704
cluster_sizes: [1051, 928, 507, 277, 1463, 1975, 720, 260]
