silhouette: 0.17987941205501556
davies_bouldin: 1.7094974272196353
calinski_harabasz: 1724.4216640285765
cohesion: -0.13598041236400604
separation: 0.3332534443449091
separation_to_cohesion: 2.4507459460618692
size_balance: 0.4200677166504416
cluster_count: 9
avg_cluster_size: 797.8888888888889
cluster_size_std: 462.7215251925754
cluster_sizes: [1384, 616, 1505, 756, 561, 393, 1331, 521, 114]
